000
000
000
000
000
000
000
000
000
000
000
000
000
000
000
000
010
010
010
010
010
010
010
010
010
010
010
010
010
010
010
010
020
020
020
020
020
020
020
020
020
020
020
020
020
020
020
020
030
030
030
030
030
030
030
030
030
030
030
030
030
030
030
030
040
040
040
040
040
040
040
040
040
040
040
040
040
040
040
040
050
050
050
050
050
050
050
050
050
050
050
050
050
050
050
050
060
060
060
060
060
060
060
060
060
060
060
060
060
060
060
060
070
070
070
070
070
070
070
070
070
070
070
070
070
070
070
070
080
080
080
080
080
080
080
080
080
080
080
080
080
080
080
080
090
090
090
090
090
090
090
090
090
090
090
090
090
090
090
090
0A0
0A0
0A0
0A0
0A0
0A0
0A0
0A0
0A0
0A0
0A0
0A0
0A0
0A0
0A0
0A0
0B0
0B0
0B0
0B0
0B0
0B0
0B0
0B0
0B0
0B0
0B0
0B0
0B0
0B0
0B0
0B0
0C0
0C0
0C0
0C0
0C0
0C0
0C0
0C0
0C0
0C0
0C0
0C0
0C0
0C0
0C0
0C0
0D0
0D0
0D0
0D0
0D0
0D0
0D0
0D0
0D0
0D0
0D0
0D0
0D0
0D0
0D0
0D0
0E0
0E0
0E0
0E0
0E0
0E0
0E0
0E0
0E0
0E0
0E0
0E0
0E0
0E0
0E0
0E0
0F0
0F0
0F0
0F0
0F0
0F0
0F0
0F0
0F0
0F0
0F0
0F0
0F0
0F0
0F0
0F0
100
100
100
100
100
100
100
100
100
100
100
100
100
100
100
100
110
110
110
110
110
110
110
110
110
110
110
110
110
110
110
110
120
120
120
120
120
120
120
120
120
120
120
120
120
120
120
120
130
130
130
130
130
130
130
130
130
130
130
130
130
130
130
130
140
140
140
140
140
140
140
140
140
140
140
140
140
140
140
140
150
150
150
150
150
150
150
150
150
150
150
150
150
150
150
150
160
160
160
160
160
160
160
160
160
160
160
160
160
160
160
160
170
170
170
170
170
170
170
170
170
170
170
170
170
170
170
170
180
180
180
180
180
180
180
180
180
180
180
180
180
180
180
180
190
190
190
190
190
190
190
190
190
190
190
190
190
190
190
190
1A0
1A0
1A0
1A0
1A0
1A0
1A0
1A0
1A0
1A0
1A0
1A0
1A0
1A0
1A0
1A0
1B0
1B0
1B0
1B0
1B0
1B0
1B0
1B0
1B0
1B0
1B0
1B0
1B0
1B0
1B0
1B0
1C0
1C0
1C0
1C0
1C0
1C0
1C0
1C0
1C0
1C0
1C0
1C0
1C0
1C0
1C0
1C0
1D0
1D0
1D0
1D0
1D0
1D0
1D0
1D0
1D0
1D0
1D0
1D0
1D0
1D0
1D0
1D0